1.250000000000000000e+00
1.408678014040415150e+00
1.587498997792678113e+00
1.789019948401391114e+00
2.016122454394206009e+00
2.272053900094654022e+00
2.560473900622493026e+00
2.885506631464966887e+00
3.251799800890014414e+00
3.664591108459809288e+00
4.129783139948261628e+00
4.654027769599926145e+00
5.244821276615171612e+00
5.910611535951340478e+00
6.660918816182641145e+00
7.506471911731675384e+00
8.459361556054668441e+00
9.533213309466338714e+00
1.074338239376215576e+01
1.210717325961731028e+01
1.364408702640074189e+01
1.537610033259582742e+01
1.732797958416580997e+01
1.952763509436443812e+01
2.200652017890816126e+01
2.480008091325174391e+01
2.794826298313684987e+01
3.149608287597156320e+01
3.549427158062076870e+01
4.000000000000000000e+01
